616.55,184.07,51.13,14.91,50.63,16.66,66.73,17.75,65.7,15.69,50.93,15.71,50.97,15.79,51.97,15.52,50.11,16.59,50.51,15.66,33.88,50.07,16.6,50,15.83,51.01,15.81,50.9,16.55,50.95,15.91,32.09,51.15,16.63,34.24,49.15,16.83,32.51,50.67,16.66,50.04,16.66,33.59,51.59,14.87,50.04,66.71,16.63,66.71,16.64,50.05,16.55,50.25,16.52,33.36,50.07,16.61,51.91,14.77,51.8,14.92,33.39,50.04,16.61,33.31,50.11,16.33,33.62,50.07,16.57,50.13,16.54,33.43,50.07,16.62,33.35,50.04,16.65,33.34,50.07,16.45,50.44,16.13,33.64,49.99,18.23,31.81,50.22,16.22,33.79,49.89,16.61,32.89,50.51,16.61,33.46,50.01,16.61,33.43,50.03,16.57,33.34,50.3,16.4,32.79,50.7,16.54,33.37,50.21,16.46,50.09,17.92,32.04,49.49,17.22,34.6,48.78,16.61,34.62,48.83,15.84,35.33,48.87,17.84,48.83,16.62,33.35,50.24,17.62,32.15,50.13,16.24,33.13,50.66,17.72,31.35,50.91,16.64,34.43,48.96,15.71,33.37,50.09,17.54,33.3,50.11,16.59,32.53,50.92,16.58,33.33,50.11,15.88,34.06,49.38,17.3,50.06,15.85,34.14,50.07,16.62,50.08,16.62,49.16,17.56,32.32,51.24,15.51,33.37,51,16.6,32.46,50.09,16.55,34.32,50.04,16.68,32.43,51.02,16.65,32.07,50.48,16.28,34.42,50.32,16.62,33.36,49.72,15.77,34.76,49.62,16.02,50.59,17.01,33,50.6,16.48,33.38,49.18,16.64,33.8,50.57,16.13,51.58,15.64,32.42,50.46,17.2,34.27,48.58,16.27,34.34,49.42,17.3,32.45,50.26,17.36,32.08,51.47,15.64,34.34,49.17,16.56,50.14,16.64,33.34,51.04,16.63,32.39,50.06,17.63,33.37,49.11,17.61,33.36,49,16.13,34.97,49.11,16.43,34.59,48.84,17.83,33.36,48.83,15.96,34.03,50.12,33.25,50.06,16.6,50.03,16.69,34.46,48.94,16.4,33.53,49.86,16,34.21,50.08,16.61,33.34,50.05,16.61,32.68,50.9,16.46,32.64,50.8,16.61,32.37,51.1,16.57,33.35,50.06,15.57,33.46,51.08,16.55,33.43,49.99,16.59,34.23,49.2,15.57,33.97,50.48,16.64,33.33,50.08,15.5,33.44,51.1,16.63,33.31,50.08,16.62,33.45,49.25,17.32,33.47,50,15.48,51.2,15.45,34.52,50.05,15.43,33.56,51.05,15.53,34.41,50.09,16.63,32.15,51.25,16.62,33.32,50.09,16.63,33.35,49.6,17.07,50.09,15.67,34.26,50.18,16.51,31.94,51.52,15.39,34.56,50.24,16.47,33.34,50.5,16.2,50.12,15.18,34.69,50.15,16.65,33.28,50.07,16.58,50.13,16.36,33.58,50.23,15.91,33.92,50.04,16.64,33.35,50.06,16.09,33.89,50.06,16.09,50.61,16.67,33.26,51.33,14.7,34.02,50.08,16.69,51.24,14.96,33.79,49.65,16.99,32.72,50.73,16.95,32.33,50.03,49.88,17.45,50.04,50,66.08,51.23,32.75,65.78,34.32,33.3,50.06,16,51.67,15.67,32.41,51.96,15.72,33.29,48.98,17.71,32.44,50.94,15.78,50.95,15.86,67.54,16.56,66.72,16.65,66.73,15.69,67.72,16.58,33.32,50.09,15.52,51.34,16.45,50.03,15.56,51.86,15.94,50.08,15.47,51.92,16.64,48.84,17.13,32.37,50.26,17.38,50.07,16.62,50.09,16.57,50.78,47.98,17.8,33.33,50.42,15.2,51.36,15.58,51.09,15.37,51.48,50.02,16.44,33.4,50.03,15.3,50.1,16.68,50.55,17.34,50.27,16.47,50.09,16.6,50.11,16.59,50.02,16.61,50.18,49.49,50.84,16.21,65.26,18.15,66.79,31.67,49.95,67.16,17.86,50.34,49.79,16.57,66.75,16.63,32.3,51.2,15.73,51.15,16.31,50.19,49.92,16.63,50.07,16.62,50.07,16.58,66.78,33.27,50.22,49.97,16.63,66.71,15.75,67.69,15.96,32.97,51.04,16.58,50.03,16.66,51.13,15.56,50.12,15.74,50.96,16.56,51.04,15.27,33.81,149.98,50.07,16.93,32.4,50.8,16.6,32.27,51.05,16.63,33.37,50.06,15.76,34.21,50.87,14.8,34.35,50.86,14.64,50.71,50.5,15.86,34.15,49.29,18.18,31.52,51.86,15.39,50.74,16.46,50.08,17.33,49.36,15.3,51.4,16.58,50.11,15.52,51.21,16.56,33.34,50.03,17.26,48.82,16.11,51.23,16.62,50.08,15.54,51.13,15.53,51.2,15.43,51.26,15.4,51.29,15.18,51.5,16.62,50.04,16.62,32.11,51.34,16.62,50.41,16.23,49.94,16.8,50.06,16.64,50.06,16.62,50.06,15.17,50.16,16.41,51.82,15.18,51.62,16.64,48.36,18,50.1,16.61,31.62,52.09,16.36,50.2,16.68,49.76,50.11,15.56,34.39,50.07,14.83,35.12,50.09,15.06,51.63,15.27,218.05,31.52,33.43,85.18,49.99,49.99,33.34,50.04,33.33,50.04,50.08,50.01,16.62,50.14,50.12,16.45,49.99,32.53,49.98,17.55,50.05,15.74,51.75,15.84,50,32.23,35.29,14.69,51.22,50.82,16.42,49.5,15.85,50.8,15.39,51.28,15.49,83.31,17.96,50.01,48.82,17.82,50.11,15.21,50.42,16.66,51.2,15.24,33.18,52.01,16.61,48.17,18.04,33.82,49.53,16.67,50.4,16.21,49.64,17.08,50.58,49.97,15.38,34.11,50.06,15.49,51.22,16.65,50.03,16.6,50.47,14.9,51.4,15.51,51.17,15.23,51.47,16.63,50.06,16.59,48.68,51.44,16.63,50.23,14.81,51.27,15.73,51.41,16.63,50.05,50.07,16.56,33.37,48.65,16.77,51.35,16.61,50.08,16.72,50.16,15.33,51.16,15.06,34.9,50.07,15.04,33.28,51.8,15.2,51.46,15.09,51.58,14.78,51.66,15.09,50.59,16.2,51.71,50.02,16.63,50.1,14.89,68.42,14.69,33.22,52.1,14.95,51.74,14.56,52.14,14.97,51.63,14.82,51.86,15,51.74,49.93,31.67,33.02,16.81,68.52,31.67,50.39,33.9,16.29,51.43,16.55,66.7,16.64,65.51,17.88,65.44,51.34,15.46,67.87,16.63,66.73,16.29,67.07,16.58,66.78,16.62,50.03,50.07,15.38,51.31,16.6,50.1,16.61,50.05,15.34,51.37,16.61,50.07,16.63,49.31,15.89,51.71,15.02,51.52,16.63,50.09,16.6,50.23,15,51.46,16.71,50.23,15.06,51.47,16.6,50.11,16.6,50.04,15.1,51.57,16.64,50.07,16.59,50.37,15.09,51.22,15.27,51.82,14.88,49.86,18.28,50.07,16.61,49.86,15.07,51.93,16.5,50.09,15.07,51.62,31.65,51.67,32.39,32.42,35.24,31.51,51.82,50.07,16.64,66.69,31.54,16.99,68.2,50.14,14.67,51.94,33.26,50.09,16.65,32.79,48.59,52.01,31.92,51.42,31.67,33.12,16.64,66.6,33.28,50.04,34.2,49.92,33.06,32.82,52,31.49,49.8,51.06,32.4,16.6,49.99,33.61,66.62,16.6,68.55,33.3,15.75,49.85,17.74,50.08,48.27,16.41,68.64,14.61,52.06,31.37,16.62,68.7,33.29,31.96,32.93,51.87,33.65,32.74,50.69,32.56,50.81,33.3,50.1,50.03,31.8,51.56,15.51,67.83,16.6,66.75,15.37,68.06,16.52,50.17,15.16,51.65,16.43,50.06,16.64,50.18,15.17,51.38,16.65,49.77,16.91,31.87,51.52,16.64,48.55,18.15,50.07,15.15,51.55,16.57,50.09,15.21,51.53,15.14,68.28,14.82,68.54,16.51,50.12,16.61,50.01,14.83,51.88,16.61,50.19,16.53,50.16,16.54,50.12,16.66,49.95,14.9,50.02,16.54,49.98,18.58,50.08,15.05,49.86,18.39,49,34.36,50.08,14.74,51.64,15.23,50.65,15.82,51.79,15,51.78,14.66,52.03,48.73,16.2,51.79,14.68,50.61,16.16,51.86,31.34,52.01,32.57,50.77,31.34,33.41,18.55,50.04,15.03,33,52.02,14.9,49.89,16.71,51.8,16.64,50.03,16.63,48.07,50.02,17.13,49.56,16.56,33.41,50.07,16.66,49.92,16.78,50.13,16.86,49.63,17.02,49.74,16.5,50.15,16.62,50.08,16.63,51.88,14.86,33.36,50.42,16.56,33.06,50.19,16.31,50.42,16.53,50.13,16.64,49.56,16.64,50.56,50.08,16.62,52.04,66.76,31.8,68.25,48.4,18.25,66.74,31.74,50.15,18.1,64.99,16.85,68.23,14.89,68.51,49.98,50.21,16.46,50.01,15.2,51.59,15.56,51.07,31.48,51.87,15.03,34.94,50.1,16.08,50.51,15.35,34.68,50.07,14.76,51.95,14.74,33.5,50.87,15.72,51.88,14.86,35.14,50.08,14.69,50.29,16.6,51.74,15.56,33.31,50.72,15.04,50.08,17.64,32.35,50.05,17.65,49.11,16.64,50.08,16.64,50.07,17.62,32.1,50.37,16.65,34.31,50.16,15.23,51.46,16.63,49.09,16.23,50.49,17.6,49.13,16.52,50.2,17.6,50.13,16.66,49.06,34.31,49.09,16.63,34.32,49.12,16.64,50.09,16.65,34.31,50.13,16.64,33.34,49.1,15.63,33.39,51.07,16.63,32.28,51.17,16.63,32.26,51.19,15.43,33.6,51.02,15.63,35.05,49.45,16.65,50.07,15.55,33.37,51.21,15.17,34.38,50.89,14.9,33.2,51.57,15.35,33.43,51.31,16.64,33.37,50.08,15.05,33.39,51.65,14.87,33.24,51.97,14.82,33.44,51.81,16.65,33.31,49.26,17.43,32.16,50.51,32.05,17.32,35.45,50.03,16.11,33.91,64.8,18.55,66.25,50.04,50.49,16.58,66.79,16.24,67.13,49.66,15.31,68.39,15.01,34.96,49.82,16.88,49.84,14.94,50.11,18.31,50.08,14.73,51.83,15.12,51.78,14.97,51.71,14.68,51.98,14.68,51.99,14.68,51.99,14.99,33.01,52.02,14.87,51.81,14.91,51.77,14.72,35.26,50.03,16.65,31.38,51.98,14.73,51.94,15,32.96,52.05,14.89,35.09,50.03,16.25,31.97,50.25,16.6,33.21,51.74,15.27,51.37,14.81,51.94,14.92,33.02,52.02,14.9,33.45,51.66,16.63,33.33,50.05,14.99,32.98,50.02,16.91,51.79,14.89,33.2,51.92,14.85,33.21,51.98,15.3,34.63,50.04,14.72,33.4,51.89,16.66,31.33,52.03,15.03,33.29,51.7,14.65,33.67,51.69,14.96,34.01,51.04,14.73,33.51,51.77,14.72,33.52,51.78,15.02,33.81,51.18,16.64,31.58,51.79,14.72,33.63,51.67,14.71,35.28,50.03,14.93,34.75,50.34,16.65,31.33,52.03,16.2,31.84,51.97,15.01,33.32,51.73,15.39,32.6,51.98,14.76,33.47,51.48,14.95,35.24,50.13,32.3,16.85,34.74,48.59,68.52,15.98,84.02,31.32,17.08,68.29,15.01,68.33,14.68,68.67,14.73,68.62,14.76,68.58,16.64,66.71,14.97,68.37,14.73,33.35,51.93,16.64,48.86,32.46,52.11,16.6,50.1,14.73,51.87,14.89,51.79,16.63,50.03,15.22,51.52,14.72,51.94,16.43,50.21,14.63,52.04,14.88,51.43,15.31,51.73,15.03,32.93,52.04,14.64,33.52,51.85,14.62,33.52,51.87,14.75,33.5,51.76,14.98,51.69,14.71,33.48,51.82,14.83,51.84,14.98,35.01,50.02,14.95,33.13,51.1,15.79,33.39,51.65,14.9,33.09,52.03,16.16,32.1,51.75,14.69,34.12,51.21,14.93,35.03,50.05,14.67,33.53,51.82,14.97,33.25,51.77,14.93,33.02,52.06,14.88,34.31,50.82,15.1,34.67,49.61,15.91,32.72,52.04,16.61,49.09,15.91,33.04,51.88,14.75,33.63,51.8,16,32.51,50.53,16,34.31,50.68,14.61,35.09,50.27,14.95,33.11,51.98,14.82,35.09,50.04,15.05,32.93,52.09,14.72,33.38,51.87,14.65,33.61,51.76,14.79,33.25,51.98,31.67,17.95,32.63,52.05,31.38,17.72,34.27,31.41,33.87,51.45,49.99,31.59,51.75,50.01,14.91,49.84,51.93,14.73,68.61,15.18,68.16,14.91,68.44,14.83,33.14,50.61,18.06,33.34,49.1,32.77,51.56,14.85,33.35,51.77,15.05,33.04,51.92,14.84,33.81,51.36,14.94,34.2,50.88,16.62,31.34,52.05,16.64,31.66,51.71,31.29,16.66,33.69,51.79,14.9,32.97,52.07,15.01,33.15,51.85,14.72,35.07,50.17,15.13,33.1,51.88,15,33.24,50.62,16.01,51.78,14.66,52.08,15.55,32.64,51.67,14.99,33.4,51.72,14.65,33.43,50.3,18.29,31.68,51.69,16.63,31.45,51.93,16.65,32.26,49.85,16.19,34.2,50.88,14.61,33.5,51.9,15.2,33.18,51.63,15.83,33.21,50.97,15.24,34.75,49.35,15.53,33.71,51.44,14.77,33.36,51.87,15.5,32.65,51.87,14.95,33.12,51.94,14.74,33.66,49.92,16.42,33.34,51.94,14.95,33.34,51.73,14.72,33.62,51.66,15.04,34.1,50.88,14.65,33.37,51.99,14.85,33.17,51.99,14.93,33.53,51.54,14.89,33.2,51.92,14.93,33.06,52.03,14.84,33.66,52.46,32.2,32.53,51.44,31.9,17.27,33.27,51.48,49.69,31.59,51.42,15.37,67.58,15.89,68.49,14.91,68.44,15.85,66.7,15.73,68.4,16.5,66.84,14.83,33.52,51.66,31.46,16.73,35.12,50.04,14.84,50.32,18.17,49.87,15.08,33.3,51.78,14.72,33.22,52.07,14.93,33.05,52.03,14.81,35.17,49.56,15.23,33.47,51.77,16.65,31.64,51.74,14.79,35.17,50.05,14.86,33.08,50.81,15.95,51.89,15,33.38,51.68,14.69,33.31,52.04,14.66,33.41,51.94,14.78,33.33,51.91,14.66,35.32,50.04,14.69,33.44,51.88,16.64,31.73,51.7,14.96,34.96,50.03,14.65,33.48,51.89,14.78,33.49,51.73,14.97,33.35,51.7,15.07,34.13,50.81,14.78,35.19,50.04,14.94,33.15,51.92,14.94,33.31,51.76,16.24,33.72,50.04,14.79,35.18,49.83,15.41,34.77,50.05,14.96,33.63,51.42,16.64,31.73,51.63,14.69,33.51,51.83,16.15,32.21,51.65,16.3,31.87,51.84,14.74,33.49,51.78,15.02,33.08,51.9,15.06,33.09,51.86,15.08,51.59,15.01,33.23,51.77,31.33,16.95,34.79,51.26,31.31,16.95,33.11,52,50.05,48.68,16.27,51.7,49.99,15.01,68.34,14.65,68.7,15.35,67.01,15.6,34.18,51.18,31.37,16.78,33.69,51.54,31.28,17,51.05,17.31,50.08,15.85,67.45,16.64,32.12,51.25,14.72,51.97,15.41,32.61,51.99,14.99,33.13,51.89,14.63,33.65,51.78,15.53,32.78,51.64,15.59,32.64,51.78,14.93,33.44,51.7,15.31,32.64,52.01,14.71,33.68,51.63,16.64,33.31,50.07,16.66,32.58,50.79,14.64,33.33,52.07,16.6,33.35,50.02,14.64,33.34,52.03,16.64,31.49,51.88,14.99,33.19,51.83,14.81,33.53,51.68,50.01,16.37,50.31,16.66,33.29,50.09,14.7,33.31,52,16.59,31.6,51.77,14.84,33.31,50.11,17.53,32.42,51.05,17.41,31.69,51.69,15.15,32.81,52.1,14.77,35.16,50.07,16.14,32.11,51.72,16.66,31.36,52.05,16.58,33.32,50.05,14.69,35.2,50.17,15.57,33.41,51,15.46,32.52,52.06,16.58,31.58,51.85,14.67,51.93,66.71,31.31,33.43,49.97,17.03,34.89,49.1,17.57,48.93,51.58,15.06,68.43,32.3,51.48,14.62,68.69,33.3,50.09,49.96,15.05,68.29,14.92,68.42,16.04,67.31,14.88,68.46,14.86,68.48,31.35,51.99,15.15,68.19,14.74,68.61,14.95,68.44,14.81,68.49,14.83,49.88,16.75,51.92,15.39,51.23,16.65,50.04,14.86,51.82,14.9,33.6,51.55,14.91,35.02,50.04,14.98,33.32,49.84,16.79,49.88,18.51,50.08,16.57,31.46,50.23,16.5,51.86,14.68,51.35,15.37,51.98,14.74,33.34,51.93,14.73,33.35,51.9,15.03,33.54,49.79,16.62,50.16,16.56,33.34,49.61,33.83,33.15,49.76,17.17,50.26,15.94,50.08,16.63,50.09,17.15,50.28,16.47,49.55,16.65,50.08,17.15,33.32,49.61,16.37,33.45,49.85,17.56,50.1,15.66,50.05,16.67
50.91,166.82,15.47,35.31,48.23,33.55,50.08,34.25,65.79,33.36,50.04,33.34,17.57,50.13,15.59,50.18,33.35,33.38,33.36,33.34,50,16.19,49.71,184.35,50.04,34.26,49.14,16.66,51.01,50.93,31.5,34.36,16.64,50.34,16.36,50.84,48.35,33.31,17.59,65.86,16.42,66.52,18.06,215.24,33.77,51.22,49.11,67.66,31.74,51.71,33.34,50.18,16.56,33.44,66.68,16.61,66.81,14.84,66.44,33.95,50.6,50.03,15.98,50.73,15.5,51.22,15.59,51.12,15.38,50.29,16.69,33.29,51.18,50.04,16.64,32.69,50.73,48.57,50.21,34.67,48.32,17.06,51.38,31.85,49.81,16.65,33.27,51.07,50.92,31.44,16.65,33.59,51.71,50.05,14.99,33.18,50,51.82,32.36,17.63,66.71,32.09,51.23,50,50.04,31.44,51.94,31.77,32.82,50.02,33.6,51.81,31.3,35.34,15.56,65.81,51.97,48.29,51.73,15.98,49.46,32.58,51.99,48.61,16.12,51.97,31.42,33.54,18.33,50.05,31.39,18.6,48.35,51.7,31.36,51.97,31.9,34.77,33.34,14.86,51.81,16.64,50.04,50.01,16.64,50.04,31.37,35.31,14.92,50.5,15.97,50.54,18.06,50.78,15.88,49.11,18.58,50.05,16.64,48.65,18.04,50.03,15.13,51.59,14.91,51.76,16.6,50.03,16.65,49.26,49.8,15.64,52.02,31.71,51.61,14.89,116.83,16.48,50.08,16.78,66.67,16.67,49.67,50.03,35.3,50.02,15.03,67.91,15.31,51.77,14.86,51.83,16.63,50.03,14.77,67.49,16,51.75,14.62,52.06,14.77,50.26,51.69,15.53,34.22,48.73,16.32,51.84,15.34,32.92,50.01,16.6,67.32,16.29,33.27,50.18,32.84,33.27,50.09,16.74,35.14,48.17,16.84,50.85,15.66,51.82,14.69,51.45,15.66,50.43,15.95,33.58,51.66,14.98,49.86,16.64,35.16,50.06,16.63,31.7,49.72,16.92,51.71,31.42,16.78,51.81,14.78,50.01,16.9,49.83,16.64,51.87,16.65,50.04,49.99,14.72,51.96,31.42,17.04,51.55,15.06,51.61,16.62,50.1,16.61,48.17,18.46,50.11,31.67,33.06,51.67,15.04,51.88,14.88,51.79,50,14.81,51.87,31.3,18.67,50.04,50.02,31.36,18.61,50.02,31.36,35.34,33.32,14.75,49.92,33.35,18.56,66.76,15.37,52.21,14.69,52.11,14.91,49.96,35.14,14.97,50.35,16.12,50.76,32.97,49.79,51.7,50.02,31.59,16.94,51.5,15.48,51.19,16.65,48.58,16.33,51.79,31.34,50.54,33.3,33.17,16.33,68.68,31.32,52.02,50,50.01,50.02,31.42,33.19,52.1,16.58,66.48,50.24,49.78,15.21,51.72,14.84,50.14,16.31,52.01,14.66,51.34,15.57,51.77,14.71,51.97,14.86,51.81,15.33,50.54,34.17,49.97,14.89,51.79,14.65,34.12,51.22,14.81,51.89,14.7,51.98,16.63,31.53,51.82,14.84,33.24,51.96,14.75,33.82,51.43,31.29,18.69,48.21,16.57,51.92,14.68,33.63,51.6,14.97,35.1,50.04,16.63,50.04,16.63,50.02,14.83,33.55,51.66,14.97,33.09,51.85,16.75,50.04,14.96,51.7,14.64,52.04,14.77,33.24,49.96,17.34,51.35,14.95,51.72,14.81,51.89,14.82,33.37,51.86,14.74,51.89,16.65,31.39,51.98,16.63,31.4,51.96,14.75,35.25,50.05,14.82,33.48,51.71,14.91,33.88,51.22,14.84,51.84,14.93,33.34,51.76,31.29,18.67,31.47,51.86,15.52,33.34,52.12,15.46,34.57,50.02,16.19,32.64,49.37,16.58,33.29,51.97,14.96,33.18,51.87,15.66,34.31,50.09,14.65,33.54,51.82,14.88,35.05,50.04,16.63,31.51,51.87,31.6,16.76,33.32,51.71,14.82,51.55,50.27,14.64,68.75,49.95,14.96,68.42,14.7,68.6,48,33.38,16.7,50.02,16.57,52.03,48.11,35.22,14.8,51.87,50.01,14.95,33.03,52.03,14.97,51.71,14.87,33.16,51.98,15.81,50.86,16.63,50.04,14.66,52.01,14.67,52,16.65,50.04,14.9,51.77,33.34,14.95,51.72,14.68,33.51,51.81,15.02,51.67,33.35,31.4,35.25,31.36,35.33,16.63,50.06,15.77,48.83,16.7,52.03,14.7,51.97,14.7,49.99,17.9,50.77,14.7,49.99,16.77,51.89,14.89,51.79,15.01,51.66,14.82,49.82,16.71,50.21,16.4,50.02,16.69,50.04,17.93,50.73,14.86,49.78,16.77,49.89,18.69,47.98,16.73,50.11,16.54,50.14,16.57,51.98,14.85,50.33,16.14,50.04,17.95,48.72,17.07,49.64,18.6,31.83,51.51,15.45,32.82,51.76,14.96,33.22,50.05,16.46,50.19,16.54,52.79,14.71,52.11,15.47,51.19,16.68,31.38,51.98,14.97,35.02,50.03,14.71,33.4,51.9,16.63,31.67,51.68,14.8,33.27,50.44,16.28,33.32,51.24,15.41,33.37,51.91,31.32,16.79,34.14,50.89,31.75,51.82,16.13,48.5,16.84,51.89,16.63,50.04,50.01,14.79,68.55,33.34,50.01,31.28,52.07,14.92,51.75,31.29,33.37,33.62,35.06,16.41,50.27,14.82,51.86,33.34,14.72,51.95,14.97,51.71,14.66,52.06,14.78,51.85,14.88,51.79,14.84,51.87,14.82,33.1,52.06,14.74,51.94,14.7,51.97,15.16,51.51,14.7,51.58,15,52.07,14.64,52.04,14.8,49.91,16.84,49.76,18.65,48.08,16.69,49.95,35.35,48.01,16.99,49.85,16.43,50.25,16.45,50.24,33.13,33.33,33.45,33.21,33.31,33.51,33.17,33.43,33.27,16.85,50.05,16.56,49.88,33.61,18.42,48,18.67,48.03,17.05,49.63,18.27,48.36,17.01,49.66,17.03,33.17,50.05,16.48,50.09,16.79,49.77,16.78,49.9,16.81,49.89,16.97,33.08,51.95,14.63,33.42,49.99,16.62,33.45,51.92,14.71,33.62,49.68,16.68,34.39,52,14.58,52.07,14.74,33.33,51.93,14.87,33.27,51.86,14.86,33.42,51.73,14.82,33.15,52.07,14.72,51.91,14.97,51.7,14.83,33.45,51.73,14.76,33.24,52.01,14.92,33.42,51.7,14.92,50.51,17.83,50.06,31.43,51.92,31.41,33.31,49.92,16.81,49.89,51.99,48.15,16.79,51.8,49.96,47.96,16.83,51.89,50.08,16.56,48.95,51.13,31.28,33.34,33.58,33.21,33.52,33.22,33.39,16.47,50.03,18.58,48.01,33.54,33.39,16.72,49.87,33.2,18.64,48.02,16.67,50.03,18.64,48.13,16.65,49.91,16.83,49.82,18.68,48.02,16.65,33.47,50.02,16.83,49.72,16.63,33.38,49.99,16.69,34.75,49.91,15.51,33.14,52.05,14.94,33.09,50,16.63,52.03,15.32,32.69,52,14.98,33.1,50.06,16.63,33.22,50.15,17.06,49.47,16.86,49.84,16.83,33.19,52,14.74,33.37,50.06,16.6,33.23,50,16.93,33.04,50.01,16.69,33.68,50.35,17.99,31.34,50.01,18.66,31.31,50.09,16.62,50.07,16.66,33.34,50.01,16.59,33.41,49.95,16.73,34.06,49.3,16.58,50.86,18.62,50.29,14.69,33.55,49.76,18.64,31.49,51.93,14.61,33.37,51.99,14.74,33.27,52.01,14.71,33.44,51.86,14.8,33.62,49.98,16.4,33.51,50.1,16.31,34.52,50.79,15.01,51.65,15.26,49.51,17.34,32.68,50.04,16.5,33.48,51.9,31.48,33.23,16.84,49.78,50.92,32.38,51.02,49.34,17.32,50.1,33.34,49.01,50.05,34.37,33.35,32.26,51.21,15.68,51.04,32.07,34.63,33.34,15.32,49.97,34.8,16.65,67.28,16.11,48.51,16.72,49.97,18.25,48.42,16.69,34.93,48.36,16.8,49.94,16.66,49.98,18.63,31.5,49.93,16.62,35.21,48.13,18.59,31.48,49.93,18.67,31.33,50,17.97,32.23,49.91,17.3,32.62,50.03,18.66,31.39,49.94,16.69,50.03,16.63,33.33,50.21,16.46,33.35,50.04,16.67,33.29,50.05,16.78,33.19,50.03,16.73,33.32,50,16.66,33.42,49.95,16.57,51.91,14.87,33.31,49.94,16.66,33.48,49.99,16.54,33.35,50.04,16.63,33.35,50.09,16.57,33.4,49.96,16.65,33.36,50.18,16.54,33.32,52.08,14.63,33.29,50.21,16.47,33.35,50.19,17.13,33.48,51.8,15.62,34.72,49.71,15.2,33.94,50.94,14.94,33.67,51.47,15.12,33.93,51.04,15.1,32.99,52,15.01,34.09,50.97,14.69,33.63,51.68,14.72,33.61,51.68,14.99,33.97,51.05,16.64,31.71,51.67,14.85,33.26,51.9,31.34,16.62,34.58,50.79,14.7,33.52,49.79,16.67,33.41,50.09,17.62,34.21,48.07,49.95,16.68,66.79,16.54,66.74,18.58,48.1,16.66,49.98,16.65,33.34,50.05,16.61,50.01,33.4,49.93,16.77,33.36,49.89,18.65,33.36,47.98,16.67,33.33,50.06,16.71,35.23,50.07,14.62,33.4,50.02,16.63,33.42,49.88,16.77,33.34,50,16.56,33.33,50.05,16.7,33.27,50.18,16.53,33.33,50.13,16.57,33.29,52.05,14.63,33.37,50.09,16.55,33.34,50.3,16.37,33.33,50.37,16.37,33.45,50.05,16.48,33.4,50.25,16.42,50.24,16.41,33.38,50.26,16.43,33.5,49.96,16.54,33.36,50.11,16.54,33.38,50.21,16.36,33.29,50.5,16.31,33.38,50.12,16.59,33.35,50.25,16.45,50.2,16.47,33.4,49.74,16.96,33.15,50.01,16.89,33.01,50.01,16.95,33.74,52.31,16.03,32.08,51.97,15.34,51.34,14.79,33.48,51.74,16.63,31.66,51.72,14.9,33.33,51.78,14.69,33.32,52,14.7,33.3,50.4,16.37,33.29,50.05,16.7,33.25,49.95,16.7,33.48,49.81,16.92,33.11,50.05,16.62,50.02,16.72,50.02,17.12,32.8,50.1,16.56,33.36,50.02,16.69,33.32,50.01,49.96,16.67,66.71,16.67,66.66,16.63,66.71,16.63,33.45,49.94,16.68,50.06,16.59,50.2,16.49,50.19,16.48,50.19,16.45,50.12,16.71,49.98,16.54,50.18,16.5,50.29,16.4,50.19,16.51,50.25,16.44,33.3,50.1,16.75,33.16,50.15,16.58,33.3,50.24,16.57,33.31,50.1,16.59,33.35,50.23,16.27,33.5,50.24,16.44,33.35,50.24,16.51,33.36,49.76,16.99,33.17,50.21,16.32,33.61,49.75,16.92,33.29,49.75,16.96,33.12,49.95,16.88,33.44,50.09,16.58,33.2,50.41,16.07,33.71,49.7,16.61,33.73,49.73,16.97,33.28,49.9,16.56,49.97,16.59,33.38,50.59,16.07,33.36,50.5,16.2,33.35,50.15,16.51,33.41,50.12,16.69,33.56,50.32,15.98,50.15,16.55,34.05,50.09,16.61,33.51,50.03,16.53,33.33,50.08,16.64,35.16,50.14,14.67,50.08,18.58,48.07,16.6,33.4,49.94,16.89,33.09,50.05,16.66,33.31,50.01,18.67,31.37,50.09,16.54,33.44,49.91,16.69,33.55,51.82,14.74,33.44,49.88,16.61,33.33,50.03,16.62,50.14,16.68,33.18,66.92,16.45,66.76,16.58,66.84,16.71,66.59,16.69,66.68,16.58,33.38,50.32,16.36,66.88,33.3,50.01,16.42,66.98,16.51,50.2,16.63,50.16,16.36,49.87,16.69,50.32,16.43,50.23,16.53,50.23,16.38,33.55,49.8,16.67,50.37,16.34,33.27,50.37,16.16,33.69,50.05,16.6,33.21,50.15,16.43,33.25,50.05,17.05,49.57,16.69,33.35,50.07,16.62,33.33,50.09,16.59,33.37,50.07,16.6,33.36,50.07,16.52,33.43,50.09,17.11,33.25,50.12,16.16,33.67,51.59,14.93,49.96,16.96,49.4,16.7,33.4,50.28,16.57,33.33,49.83,16.86,33.2,50.26,16.97,33.66,49.39,16.6,33.35,50.08,16.42,33.55,49.69,16.62,33.33,50.08,16.58,50.11,17.21,33.14,49.72,16.57,33.32,50.52,17.06,33.39,50.01,16.76,33.28,50.04,16.71,33.33,51.98,14.63,50.19,16.47,50.06,16.62,33.35,50.14,16.58,33.33,50.17,16.47,33.36,50.07,16.74,33.21,50.06,16.62,33.28,50.26,16.61,33.3,51.9,14.81,33.32,50.24,16.5,33.33,49.91,16.89,33.21,50.16,16.64,33.26,49.83,16.82,66.88,16.4,83.17,16.97,50.2,49.56,16.94,66.42,17.04,66.29,17.03,66.35,16.93,66.43,16.59,33.82,49.64,16.58,50.12,16.59,50.21,16.83,50.13,16.19,50.66,16.01,50.12,16.82,33,50.72,16.05,33.71,50.3,16.05,33.35,50.1,16.74,33.2,50.52,16.63,32.89,50.11,16.32,33.95,49.78,16.59,33.35,50.1,16.55,33.36,50.61,16.45,49.31,17.19,33.19,49.64,17.37,32.98,49.75,16.53,33.43,50.01,16.79,33.29,49.97,16.53,33.4,50.07,16.57,33.83,50.08,16.15,33.33,50.57,16.13,33.82,50.1,16.59,33.23,49.81,16.51,33.35,50.13,17.04,33.33,49.64,17.06,32.87,50.54,16.62,32.89,50.56,16.6,32.71,50.75,15.97,33.28,50.75,16.15,33.1,50.78,16.06,33.69,50.71,16.67,50.02,16.54,50.12,16.61,33.28,50.19,16.51,33.34,50.16,16.45,33.49,50.09,16.58,33.08,50.36,16.32,33.95,49.41,16.74,50.31,16.38,49.97,16.91,33.24,49.89,16.59,33.35,50.51,16.21,33.63,50.21,16.45,33.13,50.06,16.89,33.06,50.08,16.47,50.25,16.54,33.4,50.47,16.2,66.81,16.97,83.02,16.92,49.81,50.04,16.55,67.24,16.13,66.76,16.45,66.91,17.12,32.57,50.33,16.61,50.03,16.67,49.68,16.81,49.85,17.04,50.11,16.57,49.65,17.04,50.1,16.14,50.11,16.58,50.54,16.12,33.83,49.61,16.6,33.36,50.09,16.54,33.42,50.08,16.57,33.34,50.17,16.54,50.09,17.08,32.8,50.62,16.62,50.45,15.76,50.15,17.02,49.64,16.55,50.15,16.55,33.82,50.14,16.11,33.81,50.44,15.75,33.39,49.85,17.28,32.85,50.57,15.99,33.49,50.97,15.73,34.28,49.26,16.14,33.68,49.71,16.62,33.55,50.73,15.89,33.22,50.95,16.12,49.58,16.72,33.52,49.82,17.57,49.08,18.01,49.67,16.62,33.35,49.66,17,32.36,50.09,16.69,34.26,50.12,17.09,32.78,50.55,16.18,33.85,49.94,16.26,50.11,16.97,50.07,16.53,33.4,49.76,16.93,32.98,51.99,14.7,33.34,50.08,16.8,33.54,50.08,16.23,33.7,49.78,16.74,33.59,50.1,16.19,33.37,50.58,16.06,33.28,50.76,16.09,32.96,50.43,16.44,33.49,50.1,16.4,33.56,50.48,15.86,33.83,49.47,16.88,33.28,66.58,17.03,66.3,16.72,66.67,16.58,66.83,16.59,66.77,16.51,66.82,16.55,66.89,16.67,66.72,16.68,66.69,16.69,33.08,50.37,16.34,50.15,16.89,50.1,16.27,50.48,16.59,49.69,17.01,50.12,16.15,50.16,17.04,50.07,16.14,50.11,16.56,33.35,50.14,16.34,34.05,50,16.2,33.12,50.83,16.08,33.08,50.41,17.41,32.27,50.74,16.01,33.51,50.55,16.59,32.88,50.53,16.65,32.99,50.04,16.32,34.01,49.69,17.02,32.87,50.54,16.62,32.44,51.01,16.59,32.86,50.62,15.63,33.35,50.08,16.59,33.83,50.14,17.01,33.33,49.15,16.63,34.24,50.08,15.53,34.45,50.05,16.18,33.02,50.46,17.03,33.34,49.13,17.53,33.37,49.13,16.6,34.26,50.15,16.43,49.93,17.22,49.76,16.49,49.82,16.99,33.37,50.1,16.78,33.15,50.06,16.33,33.47,49.84,17.42,33.41,49.34,16.9,33.34,50.1,16.18,50.1,17,32.89,50.11,17.1,32.82,50.16,16.67,33.75,49.62,16.55,33.82,50.1,16.11,33.35,50.58,16.61,33.37,49.62,16.56,50.15,16.53,33.84,49.74,16.94,33.36,50.06,16.62,32.6,50.82,16.63,49.64,16.33,50.34,50.45,16.62,66.3,17.03,65.97,16.93,33.08,50.39,17.05,50.11,16.61,49.7,16.38,50.24,17.05,49.62,16.25,50.8,33.36,15.74,34.28,49.09,17.62,33.36,50.11,15.8,33.63,49.61,17.58,32.38,51.07,16.59,32.82,49.64,17.57,33.11,50.25,15.95,33.1,51.02,15.66
49.06,184.39,15.74,33.81,50.57,49.59,16.1,66.73,16.4,67.91,15.39,33.55,51.1,15.33,50.85,16.13,51.07,16.12,50.52,16.61,50.14,15.42,33.22,50.43,17.56,33.34,49.13,17.54,33.38,50.02,50.03,66.71,49.6,32.3,50.05,168.12,32.85,17.18,50.08,16.6,32.83,50.65,16.09,33.35,50.13,16.44,33.95,50.11,16.1,33.39,49.96,49.93,17.24,66.19,33.4,33.44,17.41,49.71,16.97,32.27,50.39,16.52,200.04,50.05,50.48,50.22,66.11,16.61,50.51,16.08,67.38,32.29,50.99,32.4,34.29,32.36,33.39,50.59,49.47,17.53,50,50.12,16.58,65.64,51.15,16.14,50.6,16.56,32.42,50.98,49.19,33.46,50.67,49.01,51.12,16.16,33.79,50.13,16.6,50.07,15.66,50.66,16.49,50.54,16.16,50.15,16.05,50.1,17.07,50.15,50.42,15.54,66.89,16.3,33.34,50.41,17.54,50.04,16.64,48.66,17.58,50.16,16.97,50.1,32.01,50.98,16.98,49.6,50.12,15.58,51.09,16.57,49.69,49.92,17.54,50.04,16.63,66.77,31.83,51.57,16.13,32.43,50.21,16.52,51.33,33.34,49.17,16.06,34.82,50.04,49.14,17.49,66.73,49.99,31.85,16.62,68.24,49.99,16.7,50.03,50.04,32.91,15.47,33.48,50.74,49.94,17.52,50.04,16.66,50.02,50.01,16.23,67.16,50.07,49.09,16.84,67.08,16.11,66.71,17.53,33.34,50.11,16.44,49.74,16.66,49.6,17.1,50.14,17,49,16.78,50.01,34.33,32.22,51.14,33.33,16.68,83.44,32.38,50.99,32.15,51.14,33.31,32.88,66.26,33.15,50.77,32.59,50.77,15.97,51.18,49.15,16.96,49.5,17.16,50.5,49.16,16.59,49.94,51.17,32.4,17.52,50.04,49.64,16.54,32.57,50.91,16.58,50.13,16.08,32.94,51,16.09,50.62,16.55,32.32,50.67,16.58,51.05,16.56,49.57,16.68,49.58,51.02,16.08,66.82,16.24,34.17,49.09,17.57,50.05,32.36,16.12,34.86,50.01,16.68,50.1,32.33,51.05,16.56,32.41,50.06,15.87,51.71,15.73,50.62,16.55,32.21,50.72,17.56,50.14,15.1,50.59,15.94,34.97,49.78,15.27,51.32,15.34,51.69,16.2,49.64,16.1,51.1,16.53,50.27,16.9,50.08,16.6,31.74,51.74,14.71,33.25,51.64,16.53,50.16,15.3,49.76,16.95,50.84,16.61,50.1,16.6,49.4,16.18,52.14,15.65,66.75,16.63,66.54,16.85,33.38,50.55,16.08,50.49,49.59,17.55,66.79,16.09,32.68,51.25,15.62,50.6,16.1,50.64,16.53,49.72,17.48,49.98,50.12,16.65,66.25,32.63,50.69,49.99,33.31,32.59,51.38,50.04,31.84,34.8,48.64,17.5,66.91,16.42,67.3,15.23,67.67,17.05,33.39,50.08,16.59,49.63,49.47,17.57,50.14,16.06,66.28,17.6,66.72,16.66,31.74,50.67,50.25,17.39,33.34,50.08,16.61,33.35,50.07,16.08,33.9,49.61,15.38,50.08,18.29,49.62,33.73,31.92,51.53,14.84,51.41,16.51,50.16,17.03,49.11,15.91,33.26,51.91,31.61,18.27,49.67,17.05,66.67,16.69,33.35,50.07,16.62,50.08,16.65,49.59,17.09,50.11,14.56,52.11,14.84,33.2,50.98,15.65,34.12,50.27,15.71,33.17,51.16,15.58,50.56,17.63,31.87,51.65,15.25,34.62,50.23,16.02,32.11,51.83,15,33.6,51.42,15.42,33.03,51.05,16.64,32.45,50.95,15.6,33.21,51.25,16.61,32.07,51.34,15.7,51.01,15.28,33.67,51.09,17.52,50.12,15.53,33.08,50.02,17.53,50.1,15.79,33.66,51.04,16.64,33.33,49.65,17.02,33.37,50.1,16.12,32.51,50.37,16.28,33.24,50.19,17.95,50.11,16.59,50.12,16.1,49.09,16.52,50.69,16.07,51.53,31.77,34.88,50.09,65.7,34.32,49.07,32.73,50.65,15.84,35.07,50.11,32.02,50.34,16.27,50.08,17.94,31.73,51.73,16.58,32.18,50.8,15.33,68.43,14.85,33.54,51.28,15.72,51.4,50.04,15.04,33.2,51.33,15.09,52.06,16.57,49.16,15.67,33.25,52.04,16.61,31.69,50.76,15.75,33.26,50.97,15.74,33.36,50.99,16.62,32.22,51.2,15.86,50.83,15.83,33.03,51.17,15.54,33.6,50.9,15.97,33.99,50.08,15.48,34.01,50.55,15.47,33.21,51.38,15.79,50.88,15.3,33.35,51.39,15.27,33.51,51.25,15.55,51.14,15.49,51.2,50.01,15.32,68.06,15.33,33.6,50.51,16,33.23,51.41,15.14,52.06,16.1,50.58,16.11,32.21,51.73,14.9,51.71,15.32,32.89,51.39,16.12,50.54,15.56,33.64,50.87,15,34.38,50.64,15.39,33.24,51.41,15.34,51.35,17.53,33.37,49.13,17.56,33.33,49.14,17.55,33.35,50.09,15.69,33.34,50.61,15.67,51.04,16.51,32.43,51.05,15.29,50.87,17.52,32.45,50.06,16.61,32.54,51.83,15.51,50.79,17.05,31.68,51.33,16.53,49.54,17.66,31.84,51.14,31.79,51.53,16.6,33.82,50.14,32.73,16.21,67.73,14.85,34.15,50.04,17.09,31.97,66.83,17.45,50.63,16.08,50.6,15.34,49.77,50.1,17.58,66.32,16.2,67.61,15.81,33.08,51.25,16.98,32.41,50.54,15.62,51.09,15.37,33.75,50.9,15.7,33.02,51.31,15.49,33.43,51.11,16.63,33.35,49.32,17.36,32.16,51.78,15.1,34.15,48.82,18.06,48.76,16.81,33.42,49.86,16.5,33.54,51.26,15.33,33.21,49.99,16.67,50.04,16.61,33.68,51.25,15.17,33.34,50.15,16.59,33.52,49.95,16.6,33.31,50.18,16.63,33.36,50.1,16.62,50.13,16.59,50.1,16.62,50.09,16.63,32.88,50.09,17.12,33.34,51.44,14.81,33.85,49.3,16.95,33.08,50.36,17.12,33.36,49.6,17.11,49.16,17.57,50.08,16.62,33.33,50.12,16.63,50.14,15.64,51.86,15.38,51.01,17.34,48.98,16.53,50.13,16.6,50.12,16.5,50.7,16.12,50.12,16.61,50.08,16.61,50.11,16.61,50.11,16.62,50.13,16.26,33.29,50.51,16.6,33.35,49.36,17.37,33.35,50.19,16.62,50.12,16.58,50.18,16.57,34.04,49.6,32.19,17.65,50.02,50.07,33.28,16.68,50.03,16.7,50.12,15.67,51.05,17.06,49.62,15.7,50.09,16.27,34.68,50.05,15.46,34.91,49.35,15.57,51.64,15.04,35.12,49.81,16.65,50.07,16.67,33.3,50.16,16.74,33.21,50.11,16.59,31.88,50.69,17.5,31.48,52.03,16.62,33.33,49.16,16.01,33.08,50.99,15.65,33.65,50.79,32.3,16.59,33.57,51.01,16.6,32.77,50.68,15.45,51.32,16.61,50.04,15.35,51.44,15.11,51.61,15.37,51.64,14.87,51.8,16.63,49.82,16.26,50.47,15.09,51.61,16.64,50.05,15.02,51.67,15.02,33.19,51.82,14.87,33.58,51.58,14.73,34.48,50.83,16.63,50.09,14.73,51.65,15.35,51.63,16.61,48.8,17.08,33.88,50.33,14.63,33.78,51.62,14.74,33.24,51.99,14.72,33.36,51.94,14.76,33.39,51.85,15.08,32.89,52.04,14.71,34.04,51.47,16.62,33.37,50.05,16.63,32.37,51.06,16.61,33.8,48.97,16.01,33.38,51.29,16.62,32.54,51.41,15.12,33.03,51.35,16.63,33.35,49.99,16.17,32.75,51.18,16.63,32.25,51.16,15.45,51.27,16.61,31.97,51.43,15.48,34.5,50.07,15.52,33.04,51.48,31.85,51.5,15.26,33.7,32.93,33.58,50.1,16.5,33.17,50.04,51.9,15.23,67.75,15.12,68.24,15.08,68.28,32.01,51.36,14.94,68.43,15.47,32.83,51.73,16.85,49.85,15.11,51.58,15.92,50.77,14.84,51.85,15.08,51.62,15.52,51.26,14.81,50.92,16,33.51,51.39,14.74,33.6,51.71,15.29,33.07,51.67,14.77,33.27,51.99,14.76,33.58,51.7,16.63,48.54,16.49,51.73,16.63,50.06,14.85,33.13,52.01,14.89,33.32,51.79,14.61,35.36,49.77,15.56,32.68,51.65,15.11,33.4,51.88,14.7,52.01,31.58,33.42,18.27,33.33,50.04,15.02,33.37,51.63,48.06,16.68,33.59,51.69,31.58,16.38,51.69,15.23,68.48,14.85,68.5,16.63,31.72,50.11,17.15,49.79,15.99,50.25,16.89,51.5,14.77,52.35,15.49,51.74,14.8,51.38,15.21,33.42,50.02,16.59,33.54,51.27,15.33,34.64,49.58,15.66,33.33,51.52,15.11,33.31,51.62,16.64,31.7,51.69,16.24,32.27,51.53,15.33,33.39,51.34,15.03,50.88,17.68,48.51,16.53,51.42,14.87,51.82,14.86,68.5,16.29,32.2,51.55,33.28,15.17,33.42,51.5,14.87,51.1,50.74,14.98,67.8,32.05,51.9,16.21,31.86,51.52,15.24,51.9,14.78,51.92,16.62,50.09,50,31.54,33.27,16.8,49.75,16.68,52.01,16.62,50.04,31.73,49.74,34.06,51.14,31.37,33.32,16.95,51.71,14.73,51.99,14.62,52.07,14.85,51.76,15.33,51.35,31.49,16.89,68.3,14.76,33.36,50.35,16.97,51.26,48.63,16.3,35.05,48.26,51.79,14.92,68.42,14.94,51.74,15.23,33.01,49.78,16.95,51.77,14.99,51.69,14.88,51.73,14.84,51.87,15.08,51.61,14.7,51.97,14.89,51.72,15.32,51.36,14.81,51.92,14.79,51.87,14.66,51.97,14.73,51.05,15.76,51.81,16.63,50.08,14.92,51.59,16.8,50,14.75,35.23,48.64,18,31.34,52.76,16.8,32.63,50.63,31.64,16.58,51.82,16.63,49.79,50.29,14.9,33.32,51.84,16.6,50.09,49.99,50.02,15.6,51.1,16.61,50.09,15,51.68,15,33.05,52.01,14.75,33.64,51.64,14.91,33.21,49.93,51.93,32.53,32.32,18.48,50.01,16.66,50.01,31.48,18.1,67.1,50.01,48,16.97,51.58,15.07,68.41,15.63,67.71,14.73,68.62,32.06,51.28,50,48,16.84,68.51,16.66,49.56,17.11,33.34,50.02,15.04,51.63,16.66,31.4,51.95,15.07,34.93,50.01,16.66,33.34,48.03,51.52,32.17,51.64,31.76,16.21,34.96,50.41,16.66,32.47,50.88,31.87,18.13,50.01,16.44,31.93,51.65,31.4,18.6,50.02,31.34,18.65,50.01,14.87,33.37,50.95,17.49,50.02,14.64,52.03,16.66,50.01,16.68,50,14.77,51.9,31.34,18.66,48.11,18.57,66.68,14.67,68.68,14.99,51.68,16.66,50.01,14.78,33.36,51.87,14.67,52.02,14.81,68.45,16.73,33.34,50.01,16.67,50.01,16.66,50.01,14.94,51.73,14.92,33.49,49.98,16.52,34.94,51.08,31.4,18.73,33.32,48.55,16.35,33.13,51.99,14.85,51.83,16.66,49.22,50.79,14.82,68.52,16.69,65.14,32.84,52.03,16.66,33.34,50.02,16.66,50.01,16.67,48.12,18.55,50.01,16.66,49.01,16.06,51.63,14.98,51.68,14.77,51.9,49.49,17.18,50.04,14.91,51.12,15.44,68.53,31.44,16.87,68.36,15.01,68.33,16.66,66.68,31.43,51.92,16.66,66.29,15.69,66.73,17.97,65.98,17.37,66.68,50.01,31.91,51.43,16.66,50.01,15.78,50.9,16.66,33.34,50.01,15.01,51.66,14.86,51.82,16.66,50.01,14.88,51.81,16.64,31.45,51.9,16.69,31.42,50.43,17.78,32.23,51.49,14.76,35.24,50,16.67,31.45,51.9,31.53,68.5,33.32,48.81,32.88,16.39,35.28,49.49,15.17,33.71,50.24,16.07,34.33,51.01,15.07,34.94,50.04,14.78,33.4,50.07,16.44,68.64,16.66,66.68,14.8,66.92,18.28,50.01,50,14.69,66.85,16.79,68.36,15.03,66.37,16.61,66.75,16.78,66.61,16.56,66.69,18.64,50.75,15.97,50.94,16.25,50.44,14.96,51.71,15.02,51.65,14.75,51.92,15.33,51.35,14.9,49.9,16.67,51.86,49.93,16.74,66.27,17.07,50.01,16.69,49.96,50.05,49.99,14.7,51.98,16.66,50.01,16.67,50.01,16.67,49.54,17.13,50.01,14.95,51.72,16.67,48.01,18.68,50,14.87,51.81,15.16,49.79,16.61,49.87,34.03,51.23,66.69,33.33,33.2,50.14,31.43,51.91,16.67,64.7,18.63,49.74,16,50.94,16.66,50.02,14.72,50.4,16.34,51.88,50.01,16.66,66.68,14.78,68.56,31.47,49.92,51.95,14.74,68.6,16.66,64.82,18.54,64.75,16.66,66.89,16.47,51.9,14.78,50.03,16.87,51.68,50,31.41,16.83,51.76,16.66,49.04,16.24,51.4,15.25,51.43,14.98,49.67,51.38,49.31,18.01,32.68,48.71,16.82,34.51,50.65,31.34,16.95,51.73,14.85,33.51,51.65,14.77,34.33,49.01,18.6,31.46,33.63,51.57,31.44,16.58,33.32,50.17,16.51,35.31,48.24,16.6,68.6,31.51,51.28,32.17,50.46,49.19,34.36,16.71,51.98,14.98,33.19,50.75,15.77,52.02,50.01,31.41,35.26,31.3,33.51,51.87,31.41,33.23,51.72,31.64,34.27,33.21,51.17,33.36,48.02,17.83,48.93,16.73,49.99,16.66,50.04,17.85,48.86,16.57,50.26,16.33,50.41,16.42,49.85,16.63,50.14,16.58,33.37,50.09,16.65,50.02,50,33.41,33.33,16.72,50.05,50.05,49.98,33.38,16.71,66.74,16.61,49.55,33.87,66.77,50.05,50.06,16.1,50.69,33.19,50.06,33.36,49.25,16.97,67.28,15.86,67.47,49.09,50.98,66.77,50.05,33.3,50.13,32.28,49.99,17.75,48.87,67.98,31.97,16.86,33.9,50.69,16.63,33.33,50.12,31.87,51.52,32.4,16.66,50.97,50.09,33.34,50.07,16.61,49.16,16.05,51.63,16.62,50.15,14.77,51.88,50.07,50.05,16.62,66.83,14.96,49.96,33.06,50.42,17.79,48.7,16.43,51.96,16.66,48.49,16.27,50.39,16.2,50.45,16.63,51.04,15.29,51.52,15.58,49.9,16.34,51.61,15.23,51.45,15.08,50.46,17.02,51.8,16.95,66.45,16.6,50.14,15.49,51.22,16.62,50.11,16.61,50.09,16.63,66.78,16.62,66.7,48.1,18.63,49.18,15.81,50.86,50.11,16.61,50.12,15.38,51.27,15.39,51.97,14.74,49.94,16.75,51.88,16.67,50.03,14.85,51.44,15.39,51.67,16.62,49.11,15.57,68.45,31.57,16.96,49.77,33.54,16.46,33.32,51.91,15.12,51.6,50.05,31.31,16.75,50,49.99,52.01,31.38,51.93,15,68.34,14.97,66.66,18.1,48.25,18.68,32.56,32.17,50.08,16.96,49.84,49.97,16.51,66.88,16.46,68.36,15.04,68.64,14.65,34.3,49.25,16.75,50,16.61,49.86,16.74,50.14,16.71,117.49,15.71,50.11,17.54,49.15,16.61,35.02,81.74,51.29,15.18,33.52,50.09,18.24,33.32,50.08,31.28,33.38,85.28,48.01,35.38,15.01,34,49.32,17.92,49.2,16.03,51.88,14.76,49.9,51.96,48.09,33.39,17.85,49.39,16.26,50.48,16.08,50.59,16.01,67.46,15.83,66.97,50.57,15.96,50.66,16.01,52.35,15.11,67.11,16.36,51.94,15.79,67.56,14.6,66.78,16.59,33.62,51.75,16.68,48.45,66.25,33.33,51.98,31.73,34.15,50.8,50.01,16.65,48.24,51.74,50.05,31.38,50.09,16.75,49.96,16.7,49.87,18.54,33.36,48.41,16.88,49.61,49.9,16.77,50.13,16.55,66.86,16.52,33.35,50.04,17.96,50.44,14.95,50.05,16.32,50.17,16.96,51.57,65.03,33.27,50.18,16.32,67.03,16.28,51.9,32.35,16.08,32.91,66.96,51.73,31.42,51.24,16.29,49.92,15.8,52.06,15.14,49.98,16.33,68.56,14.79,67.24,16.02,85.3,31.44,16.67,33.18,50.67,16.12,51.94,14.89,50.56,16.11,33.49,50.33,17.95,50.08,48.11,16.79,33.13,51.93,15.16,50.34,15.89,49.99,16.93,51.7,31.38,16.72,50.35,33.67,50.09,33.25,66.18,16.52,33.96,50.12,15.91,50.81,15.76,50.95,16.59,51.16,15.6,49.13,16.85,33.45,51.65,16.64,50.08,14.69,50.22,18.35,32.27,51.14,14.77,51.87,14.83,51.85,14.69,35.3,49.24,15.6,33.97,50.23,18.39,31.8,51.87,15.69,32.48
114.72,133.66,68.32,31.32,52.03,15.68,84.34,15.06,84.92,14.86,66.88,16.4,50.27,16.3,50.64,16.28,50.2,16.55,51.19,15.74,33.17,49.93,50.03,16.71,66.95,67.97,47.98,150.08,35.32,47.99,17.05,51.61,16.69,48.73,16.26,33.52,50.08,16.25,50.55,16.34,49.67,50.68,16.28,67.07,16.33,67.03,50.08,32.94,50.45,15.85,50.65,16.3,67.27,16.04,50.05,16.71,217.33,66.11,49.67,51.88,31.68,34.13,49.32,33.84,51.05,64.67,16.84,49.92,17.4,51.2,31.5,51.84,31.36,17.47,34.51,50.01,14.85,33.84,50.39,49.96,15.91,33.98,50.13,15.68,51.38,15.58,50.74,17.59,50.01,14.99,33.01,52.03,15.68,32.42,50.95,16.03,33.03,51.9,15.75,33.35,50.04,32.23,33.45,18.53,49.18,15.5,51.57,16.32,50.78,31.42,51.92,31.6,17.03,52.3,48.48,16.27,33.47,50.21,50.09,16.3,117.05,33.18,50.31,49.5,16.98,34.93,48.03,52.01,16.31,31.73,50.61,16.44,50.06,16.21,51.72,32.18,50.53,33.11,49.74,33.37,50,16.11,51.01,50.93,16.54,66.82,14.93,68.37,48.28,18.45,48.73,17.9,50.01,14.8,50.6,16.05,50.67,16.09,51.82,14.96,35.01,50.03,14.73,68.61,31.73,34.69,48.32,16.98,51.64,14.73,35.28,48.41,17,66.86,17.76,48.96,16.66,49.52,50.37,16.04,34.12,50.05,17.63,65.88,17.45,65.94,15.63,67.64,17.49,64.89,50.88,32.57,50.89,15.72,67.68,15.73,67.61,15.41,68.69,14.91,35.1,31.44,34.48,50.76,14.84,51.06,15.7,51.74,16.66,49.25,16.44,50.27,50.08,50.02,49.95,49.33,50.8,15.45,68.5,14.79,68.57,16.65,48.79,15.87,50.8,17.35,50.56,15.03,51.12,15.18,51.48,16.66,48.73,18.15,50.34,16.66,49.53,16.7,50.09,15.38,49.86,49.92,33.7,52.29,15.79,33.06,50.13,16.02,33.89,50,16.65,32.83,50.97,32.58,67,66.22,17.19,66.67,16.33,33.34,49.83,18.51,33.33,48.02,33.52,49.95,16.55,50.53,16.91,50.96,32.04,33.48,50.33,16.69,33.14,32.69,33.57,50.64,17.7,31.4,51.06,32.38,50.93,32.48,34,51.13,14.7,33.49,50.82,15.92,50.74,16.05,51.64,15.23,34.75,50.03,49.15,15.84,35.01,64.68,35.34,33.33,31.42,33.42,34.33,50.09,15.67,33.1,50.09,35.26,50,31.51,17.66,66.75,16.84,32.19,51.02,15.98,49.89,18.2,49.27,50.72,31.5,18.5,32.72,50.62,49.54,33.83,33.34,49.47,32.03,33.73,32.83,67.09,18.2,50.01,32.83,67.19,49.48,50.09,15.49,67.8,17.16,31.41,51.5,50.12,15.94,50.63,17.09,49.66,17.01,50.02,49.72,15.01,66.61,16.66,33.39,51.96,16.66,49.73,16.04,50.67,15.17,51.5,15.19,51.47,14.96,51.99,14.7,49.99,16.88,33.08,51.87,16.65,50.16,66.51,15.07,33.27,51.75,15.65,34.05,50.37,15.83,35.23,50.02,31.66,17.07,34.53,50.09,14.9,50.69,16.14,51.62,14.73,33.65,50.57,16.62,32.62,50.77,32.6,50.92,32.4,33.22,16.75,50.93,16.7,32.4,51.86,14.79,51.9,14.85,51.84,14.7,51.98,16.59,50.04,32.49,50.3,15.55,33.41,49.95,49.83,33.4,16.49,50.17,50.35,16.06,51.16,15.74,33.23,50.17,18.39,33,50.17,16.85,31.73,49.61,16.71,33.3,52.04,31.49,16.91,33.71,50.2,15.93,33.11,66.7,16.64,50.08,18.03,33.04,50.85,49.18,17,48.75,33.34,49.82,16.65,50.29,16.56,66.69,33.09,50.05,33.33,33.38,18.59,65.22,49.58,33.45,50.55,33.47,34.45,31.61,49.72,33.73,50.08,49.92,50.07,49.56,50.5,50.09,32.85,50.66,15.99,67.4,51.21,31.56,66.76,33.29,50.65,50.01,32.41,51.01,16.63,49.12,16.69,50.11,16.59,51.04,16.64,50.17,16.5,99.22,33.22,51.12,32.07,34.57,16.69,32.48,50.08,16.63,50.96,15.79,50.02,16.87,50.35,17.07,50.63,16.12,50.11,16.59,50.07,49.44,16.78,50.52,51.33,31.52,50.2,33.78,32.89,49.65,17.54,100.08,66.69,32.43,100.08,33.44,17.66,49.29,17.41,66.79,16.64,65.48,17.89,32.42,51.05,32.23,51.2,31.84,50.55,51.03,49.02,34.31,50.07,66.74,16.66,33.36,50.1,15.58,51.23,15.48,51.17,14.65,33.44,51.6,17,31.71,50.79,16.62,49.33,16.55,50.87,32.19,16.66,34.58,32.17,33.27,51.34,15.64,33.09,51.4,16.62,32.7,67.42,16.63,31.88,50.7,17.93,31.62,51.46,14.99,51.99,14.98,51.37,31.6,18.46,33.58,49.89,14.87,33.55,51.65,31.73,51.7,31.64,33.23,33.14,68.69,31.39,51.96,14.79,50.92,50.99,16.28,31.75,68.63,16.64,66.7,16.64,66.71,50.01,15.13,51.57,15.79,50.89,15.05,51.65,16.56,50.08,16.62,50.07,14.61,35.34,50.07,15.15,51.52,14.99,51.62,15.89,50.85,16.59,50.09,14.58,52.04,48.76,32.61,52.02,16.62,50.31,15.43,50.71,16.87,49.19,16.81,51.05,15.35,51.33,15.63,51.08,15.48,51.84,14.69,51.33,15.49,33.51,51.09,15.63,51.06,15.4,51.3,32.54,67.6,17.06,31.89,51.52,49.57,16.59,32.23,51.59,15.85,32.49,51.26,15.28,33.36,51.78,31.42,16.56,52.03,16.62,31.51,51.53,16.76,50,31.71,16.63,51.19,15.39,50.57,50.73,48.94,16.6,51.69,16.7,49.95,15.56,50.9,15.35,33.81,50.45,32.19,18.42,50.14,50.09,14.84,33.36,51.66,14.83,34.82,48.5,52.01,16.6,32.98,48.99,51.45,14.83,33.18,52.02,14.87,51.86,14.66,34.01,51.28,14.7,50.95,15.75,33.32,51.98,14.71,33.26,51.67,16.98,31.76,51.62,14.76,49.97,51.95,31.33,52.02,33.29,50.03,50.01,31.44,51.9,15.26,68.1,14.62,68.75,14.63,68.69,14.79,85.24,31.69,18.25,49.02,16.11,51.61,15.1,49.95,18.23,50.05,31.33,17.15,51.59,31.31,18.57,31.42,49.99,16.76,66.92,32.98,33.5,50.17,33,33.97,49.42,33.84,32.82,34.2,51.84,31.67,33.38,34.91,48.67,16.7,34.94,49.54,31.77,18.1,50.37,16.67,50.28,49.87,15.09,34.78,48.31,16.99,51.61,31.93,50.13,49.44,17.53,49.04,52.02,14.95,68.41,14.93,68.4,16.63,50.02,15.3,32.75,51.98,16.65,50.01,15,33.13,51.9,14.68,33.41,50.19,16.35,33.52,51.89,14.83,33.14,52.02,16.64,50.08,14.59,33.9,51.47,16.67,31.56,51.78,14.8,35.2,49.99,14.92,33.21,50.4,16.27,50.15,35.04,49.11,15.66,33.62,50.33,17.99,50.05,15.01,33.09,51.92,14.82,33.38,51.81,14.95,50.3,17.97,48.77,16.2,35.12,48.88,17.82,33.03,50.33,16.65,31.75,51.62,14.82,33.3,51.94,15.78,50.81,50.05,31.32,33.36,18.63,32.97,48.77,33.03,33.64,16.24,35.38,31.36,33.42,49.89,16.65,52.07,33.3,31.32,52.04,31.31,16.94,35.08,50.06,16.18,33.77,50.08,14.64,52.04,15.52,32.53,51.91,15.47,33.18,51.37,16.65,33.33,50.05,16.63,50.02,31.28,35.39,16.45,48.67,18.18,50.1,14.92,33.76,51.28,16.65,50.02,15.71,33.36,35.23,50.12,15.92,31.99,52.07,16.54,31.49,51.98,14.93,33.06,51.37,15.48,51.91,15.11,51.5,14.87,51.8,14.99,51.68,15.25,49.97,33.48,51.34,31.36,16.88,33.25,51.87,14.86,51.8,14.72,33.63,51.67,16.64,31.98,51.1,15.16,33.29,51.2,15.32,33.69,51.65,16.65,50.04,31.42,17.32,51.26,16.61,50.08,16.58,32.05,51.33,14.97,33.39,51.65,14.89,33.37,51.64,14.78,52.01,14.88,33.27,51.85,50.04,14.8,33.17,52.08,16.6,31.39,51.96,16.66,50.07,15.14,51.48,15.03,33.61,51.37,14.82,33.16,52.03,15.29,33.3,49.82,16.99,51.25,16.69,49.6,15.38,33.62,50.74,15.62,33.26,51.83,15.2,33.22,51.6,14.89,51.82,31.48,50.41,18.07,31.48,33.63,67.46,34.1,50.08,31.26,52.1,31.35,33.25,52.03,14.74,68.62,31.35,18.59,50.1,16.6,31.72,51.65,14.94,51.74,16.66,31.48,51.88,14.96,51.71,16.61,31.45,49.99,18.6,50.02,14.71,34.25,51.1,16.59,48.09,16.94,50.75,17.58,50.02,14.75,33.29,51.97,14.68,52,15.13,52.54,14.98,49.75,17.05,33.02,51.89,15.89,32.3,51.89,16.59,48.24,16.64,33.25,50.32,18.21,50.05,14.67,33.38,51.97,31.47,33.91,33.28,34.7,31.63,51.76,14.66,52,16.61,48.08,16.74,34.83,50.43,14.77,51.93,16.6,31.69,51.67,14.68,52,14.86,51.87,14.58,33.48,50.77,15.92,33.5,51.73,14.68,35.27,50.07,14.62,34.1,51.3,31.72,34.92,16.64,50.08,16.61,48.38,17.33,34.3,50.03,14.97,33.11,51.94,16.6,31.91,49.65,16.49,33.56,49.78,18.67,31.92,51.44,14.65,52.04,15,51.63,16.66,50.06,49.97,16.4,32,51.6,16.65,31.72,51.65,14.94,33.88,51.18,14.84,33.85,51.36,16.6,31.4,51.97,14.91,51.81,49.98,31.27,33.82,18.22,32.32,32.77,51.63,32.1,33.17,51.4,16.62,31.49,68.57,31.33,33.66,16.59,50.39,16.23,34.86,50.28,14.63,51.68,17,33.33,50.05,16.66,50.08,15.89,34.02,50.04,14.8,35.2,49.31,15.37,33.34,50.07,16.82,51.79,16.63,32.81,50.61,16.59,31.78,49.88,33.89,16.43,33,49.75,16.81,35.93,50.27,14.9,33.12,52.08,14.88,49.73,17.02,51.67,14.98,34.99,50.07,14.74,33.37,51.87,14.84,33.33,51.84,14.79,34.31,50.91,16.65,31.32,52.06,32.13,51.21,31.51,16.78,50.32,16.17,33.74,49.52,16.84,51.82,16.59,32,51.4,33.3,31.48,49.94,18.55,31.57,51.89,16.59,33.34,49.34,17.34,50.02,31.4,18.58,31.66,50.4,16,52.01,50,31.28,16.88,51.84,14.84,51.83,15.03,51.64,15.63,32.46,50.54,18.03,50.06,14.73,34.16,51.08,16.64,48.68,16.18,33.28,51.91,14.96,35.03,50.09,14.83,33.09,52.08,15.75,33.33,50.89,16.63,50.04,16.65,50.06,14.87,34.14,50.96,16.64,50.03,14.65,35.34,48.53,16.27,51.92,16.63,49.96,31.43,33.47,49.84,18.65,31.36,33.43,50.24,16.43,33.85,50.68,15.49,33.79,51.44,31.41,33.47,18.47,31.32,33.33,52.05,14.73,34.07,51.22,14.78,33.35,51.88,14.66,33.42,51.94,14.71,33.23,52.05,14.8,35.15,50.06,31.4,33.31,16.62,33.4,52.01,14.67,50.1,16.59,33.42,51.89,14.75,51.88,14.62,35.37,50.91,15.39,34.71,50.06,14.99,34.95,50.04,14.63,35.35,50.04,15.52,32.62,51.87,16.66,50.02,15.31,34.67,50.03,14.8,33.15,52.06,14.85,50.3,16.23,50.16,16.56,66.84,16.44,33.39,51.94,14.85,33.28,51.9,31.27,18.69,31.58,51.81,14.74,51.92,14.97,33.26,51.8,15.06,33.3,50.19,16.92,32.98,49.56,17.19,32.81,50.1,17.15,32.84,50.07,16.65,50.1,16.6,50.09,17.2,49.53,16.63,33.05,50.4,17.21,32.61,49.82,17.07,32.93,50.08,16.63,51.1,16.62,32.37,50.08,16.64,34.36,49.09,16.63,33.36,51.75,15.96,33.36,49.09,17.6,32.39,51.61,16.64,48.62,16.57,33.37,51.53,15.2,33.36,51.42,16.29,32.4,50.07,16.63,34.33,49.15,16.44,49.37,33.6,50.74,32.56,51.79,31.55,33.34,50.88,15.76,33.25,66.65,16.63,33.29,67.95,32.31,33.18,16.78,51.2,15.5,33.91,50.65,16.6,50.15,16.59,31.99,51.94,16.62,49.67,16.6,33.35,50.13,16.59,49.48,17.25,50.09,15.11,33.5,51.51,14.97,67.08,16.24,33.49,51.67,14.97,33.34,51.77,15.88,33.3,50.8,15.92,34.03,50.23,32.92,33.85,15.59,51.14,15.81,34.14,50.14,16.61,32.34,50.73,16.02,50.28,16.31,51.19,15.35,34.28,50.45,15.37,34.03,49.97,16.07,51.39,31.61,16.94,51.51,15.66,34.35,50.07,16.63,31.62,51.83,16.64,50.15,31.59,18.37,50.06,14.65,34.56,50.79,16.63,31.37,52.01,14.71,33.55,51.75,14.66,33.35,51.98,14.71,52,15.22,51.43,31.29,35.4,16.62,31.85,51.62,14.97,51.61,14.65,33.59,51.81,14.87,51.08,15.61,51.75,15.07,33.08,51.87,15.16,33.05,51.81,14.98,33.28,51.8,14.9,33.37,51.7,15.12,32.96,51.93,15.11,34.88,50.07,31.46,16.78,33.8,51.27,14.82,34.8,50.4,15.47,33.81,50.73,14.73,35.25,48.37,18.29,33.35,66.7,31.44,33.58,18.26,48.19,51.89,31.41,33.34,33.36,34.48,15.73,33.97,51.06,31.37,34.15,16.06,33.24,51.86,16.44,32.24,51.35,14.66,34.37,50.96,14.68,35.16,50.18,14.8,33.24,50.6,16.14,34.45,50.83,14.79,33.12,52.12,14.7,33.22,52.03,15.02,51.71,14.86,51.72,17.14,32.36,49.73,18.43,32.46,50.92,14.61,34,51.41,15.6,32.62,51.82,16.61,48.34,16.71,34.17,50.83,16.65,50.02,14.89,51.78,16.64,31.46,50.81,15.93,33.18,51.76,15.27,51.69,16.6,50.04,16.67,32.81,50.57,14.72,51.97,16.6,32.77,50.59,15.74,33.81,50.45,31.34,33.69,50.92,15.45,33.32,51.73,16.9,31.48,51.88,15.08,34.42,50.51,16.66,33.32,50.04,16.64,50.03,14.98,33.98,51.08,16.61,31.53,51.89,15.41,32.68,51.92,15.05,51.63,14.95,51.66,14.97,33.18,51.88,15.06,32.99,52,16.6,33.33,50.02,14.85,51.84,15.23,51.44,14.78,51.93,16.59,33.34,50.04,16.65,50.06,16.6,50.04,16.63,32.45,49.87,17.65,31.58,51.53,16.94,31.36,52.06,31.81,16.25,68.13,17.11,48.16,51.91,31.97,33.34,33.41,51.25,31.58,34.28,50.82,31.35,33.73,51.59,14.63,33.54,51.84,31.29,18.68,33.36,50.02,15.01,33.34,51.67,14.96,33.34,51.75,16.61,33.33,50.04,16.61,32.05,51.35,15.04,33.16,51.84,14.64,33.5,51.84,16.64,50.04,16.64,33.69,50.68,14.65,52.11,14.73,35.17,50.09,16.58,31.66,51.71,14.67,34.79,50.55,16.66,50.02,16.65,31.42,51.93,14.82,51.89,16.61,31.6,50.9,16.06,49.57,18.52,33.38,50.08,14.97,34.18,50.8,32.14,33.94,15.5,51.76,15.12,34.17,50.74,14.7,33.69,51.62,16.62,66.71,16.66,50.07,16.58,49.68,31.76,16.59,50.94,17.74,32.42,50.69,16.89,50.02,14.75,35.24,50.04,14.95,33.31,51.73,31.6,34.11,17.61,50.03,15.26,33.09,51.65,16.66,31.55,49.79,17.02,51.69,14.65,35.32,49.15,16.53,51.01,14.84,35.16,50.01,16.66,33.34,50.04,16.66,50.07,16.6,31.39,51.98,14.7,33.45,51.86,14.71,52.03,14.82,33.42,51.72,15.37,51.36,31.22,18.71,31.39,51.98,14.78,51.26,50.64,33.3,31.74,32.99,33.34,68.65,31.29,18.69,33.33,66.71,31.41,34.36,50.95,32.17,32.71,16.95,51.48,14.78,51.93,14.92,35.01,50.04,31.39,18.61,33.02,50.33,31.34,52,14.71,49.95,17.76,49.65,17.94,33.31,48.85,17.07,34.1,50.03,14.78,33.2,52.03,16.65,32.53,51.84,15.53,32.59,51.92,14.91,33.46,51.74,14.64,35.24,50.04,14.66,52.07,16.25,31.86,51.84,16.61,31.43,52.02,14.89,33.02,52.04,14.9,51.78,32.25,51.13,14.85,35.01,50.12,16.65,31.33,50.05,18.61,50.04,14.75,33.75,51.52,16.66,50.01
